TranslationVector: -125.56319 -0.65759 18.15425
FcLeftRight: 109.53691 106.91220 
RetinaRotation: 0.9462 -0.0070 -0.3234 0.0006 0.9997 0.0232 0.3235 -0.0222 0.9460
WorldRotation: 0.035330 0.996976 0.069215 0.978290 -0.020350 -0.206237 -0.204205 0.074999 -0.976051


